         1     1.0000 9.715
         2     0.9769 9.685
         3     0.8275 9.708
         4     0.6518 9.778
         5     0.8258 9.833
         6     0.8059 9.687
         7     0.9515 9.728
         8     0.7834 9.840
         9     0.6323 9.706
        10     0.3519 9.739
        11     0.9556 9.802
        12     0.7780 9.663
        13     0.4646 9.744
        14     0.7771 9.791
        15     0.7433 9.724
        16     0.6723 9.755
        17     0.4166 9.890
        18     0.8483 9.764
        19     0.7976 9.738
        20     0.5843 9.773
        21     0.7155 9.746
        22     0.7456 9.721
        23     0.9478 9.706
        24     0.4745 9.697
        25     0.6989 9.746
        26     0.7633 9.710
        27     0.9684 9.884
        28     0.9502 9.720
        29     0.9457 9.784
        30     0.8820 9.769
        31     0.9653 9.714
        32     0.7533 9.739
        33     0.4201 9.740
        34     0.4086 9.797
        35     0.9386 9.751
        36     0.9937 9.743
        37     0.9500 9.701
        38     0.9244 9.728
        39     0.4186 9.741
        40     0.9844 9.717
        41     0.7842 9.700
        42     0.8080 9.801
        43     0.6518 9.788
        44     0.8451 9.836
        45     0.9125 9.761
        46     0.9147 9.692
        47     0.6988 9.800
        48     0.8595 9.801
        49     0.9048 9.731
        50     0.7496 9.821
        51     0.7440 9.709
        52     0.9545 9.693
        53     0.7873 9.779
        54     0.5687 9.762
        55     0.6877 9.714
        56     0.3867 9.733
        57     0.6303 9.743
        58     0.9831 9.793
        59     0.9938 9.677
        60     0.5754 9.717
        61     0.9292 9.745
        62     0.9399 9.713
        63     0.8626 9.684
        64     0.7798 9.716
        65     0.6502 9.726
        66     0.9643 9.709
        67     1.0000 9.692
        68     0.9590 9.688
        69     0.8926 9.769
        70     0.9039 9.778
        71     0.5865 9.691
        72     0.7327 9.719
        73     0.6254 9.681
        74     0.6608 9.753
        75     0.9039 9.720
        76     0.9028 9.707
        77     0.6447 9.676
        78     0.5089 9.716
        79     0.7951 9.712
        80     0.7744 9.707
        81     1.0000 9.690
        82     0.8117 9.689
        83     0.9954 9.695
        84     0.8795 9.745
        85     0.7393 9.661
        86     0.5181 9.715
        87     0.8954 9.745
        88     0.9751 9.683
        89     0.9541 9.687
        90     0.9936 9.673
        91     0.9935 9.677
        92     0.7542 9.746
        93     0.6209 9.663
        94     0.9474 9.810
        95     0.5387 9.705
        96     0.8397 9.777
        97     0.8539 9.675
        98     0.9799 9.774
        99     0.9679 10.020
       100     0.4340 9.800
       101     0.8354 9.692
       102     0.5571 9.752
       103     0.8527 9.750
       104     0.6826 9.729
       105     0.6729 9.705
       106     0.8758 9.693
       107     0.9504 9.740
       108     0.6362 9.728
       109     0.7726 9.720
       110     0.8365 9.733
       111     0.9978 9.692
       112     0.8738 9.725
       113     0.5685 9.723
       114     0.7918 9.714
       115     0.9240 9.661
       116     0.9566 9.705
       117     0.7455 9.717
       118     0.8620 9.809
       119     0.6292 9.750
       120     0.8667 9.779
       121     0.8638 9.680
       122     0.8188 9.762
       123     0.7080 9.738
       124     0.9943 9.708
       125     0.7708 9.784
       126     0.4159 9.791
       127     0.8971 9.709
       128     0.7228 9.712
       129     0.6611 9.741
       130     0.7340 9.726
       131     0.9933 9.762
       132     0.9862 9.788
       133     0.9332 9.752
       134     0.6570 9.751
       135     0.9876 9.666
       136     0.7673 9.708
       137     0.5185 9.752
       138     0.7421 9.793
       139     0.6605 9.727
       140     0.7788 9.682
       141     0.9584 9.716
       142     0.9818 9.697
       143     0.8324 9.753
       144     0.5264 9.712
       145     0.9000 9.722
       146     0.9458 9.661
       147     0.6321 9.692
       148     0.9583 9.675
       149     0.7369 9.753
       150     0.8098 9.767
       151     0.5649 9.717
       152     0.8704 9.757
       153     0.9801 9.705
       154     0.6316 9.697
       155     0.6864 9.717
       156     0.6505 9.705
       157     0.8793 9.785
       158     0.9231 9.764
       159     0.7332 9.751
       160     0.6722 9.685
       161     0.8611 9.733
       162     0.9821 9.709
       163     0.8487 9.762
       164     0.8316 9.672
       165     0.8997 9.774
       166     0.5570 9.747
       167     0.8985 9.723
       168     0.8177 9.667
       169     0.6828 9.698
       170     0.8840 9.801
       171     0.8631 9.781
       172     0.7198 9.754
       173     0.9869 9.705
       174     0.8239 9.741
       175     0.7358 9.709
       176     0.5619 9.753
       177     0.8254 9.703
       178     0.6535 9.742
       179     0.6528 9.689
       180     0.6906 9.708
       181     0.5451 9.722
       182     0.8472 9.745
       183     0.9912 9.686
       184     0.7365 9.719
       185     0.8235 9.663
       186     0.8550 9.741
       187     0.9694 9.698
       188     0.6953 9.716
       189     0.8992 9.804
       190     0.6429 9.769
       191     0.9948 9.684
       192     0.8668 9.717
       193     0.6152 9.741
       194     0.5626 9.681
       195     0.6308 9.718
       196     0.8218 9.698
       197     0.9665 9.722
       198     0.8685 9.718
       199     0.7912 9.715
       200     0.4768 9.697
       201     0.9700 9.671
       202     0.8250 9.708
       203     0.9947 9.667
       204     0.9377 9.705
       205     0.8525 9.703
       206     0.5594 9.727
       207     0.3293 9.783
       208     0.9046 9.690
       209     0.9909 9.692
       210     0.8319 9.697
       211     0.5480 9.697
       212     0.7801 9.760
       213     0.3850 9.747
       214     0.9821 9.723
       215     0.8330 9.717
       216     0.7641 9.700
       217     0.6414 9.696
       218     0.7466 9.731
       219     0.7785 9.693
       220     0.7761 9.696
       221     0.9816 9.694
       222     0.6196 9.681
       223     0.8118 9.831
       224     0.8109 9.690
       225     0.8860 9.740
       226     0.6681 9.707
       227     0.6317 9.740
       228     0.8213 9.687
       229     0.5945 9.715
       230     0.8487 9.665
       231     0.9462 9.741
       232     0.8642 9.705
       233     0.4566 9.753
       234     0.9070 9.740
       235     0.8724 9.695
       236     0.7095 9.656
       237     0.9249 9.667
       238     0.9971 9.655
       239     0.7449 9.738
       240     0.6123 9.719
       241     0.9834 9.679
       242     0.6320 9.701
       243     0.8138 9.682
       244     0.8341 9.732
       245     0.7985 9.689
       246     0.6199 9.696
       247     0.8283 9.707
       248     0.4929 9.709
       249     0.7263 9.766
       250     0.7491 9.738
       251     0.8767 9.774
       252     0.6768 9.820
       253     0.8000 9.791
       254     0.7819 9.709
       255     0.9537 9.710
       256     0.7922 9.684
       257     0.6925 9.673
       258     0.9351 9.689
       259     0.9636 9.680
       260     0.9595 9.669
       261     0.9304 9.736
       262     0.9553 9.743
       263     0.5533 9.671
       264     0.8686 9.707
       265     0.9633 9.739
       266     0.6673 9.725
       267     0.5697 9.707
       268     0.7380 9.739
       269     0.9375 9.687
       270     0.7142 9.705
       271     0.9792 9.684
       272     0.7922 9.689
       273     0.6449 9.680
       274     0.4460 9.715
       275     0.9245 9.748
       276     0.8108 9.728
       277     0.6102 9.863
       278     0.7076 9.735
       279     0.8877 9.734
       280     0.9024 9.918
       281     0.7431 9.762
       282     0.9272 9.712
       283     0.6829 9.673
       284     0.7880 9.710
       285     0.9011 9.726
       286     0.7667 9.699
       287     0.7922 9.718
       288     0.5601 9.756
       289     0.7177 9.693
       290     0.9735 9.828
       291     0.7020 9.721
       292     0.7046 9.706
       293     0.7608 9.942
       294     0.8929 9.792
       295     0.9679 9.646
       296     0.7519 9.686
       297     0.8355 9.703
       298     0.8977 9.670
       299     0.8588 9.694
       300     0.6265 9.712
        -1     0.7870 2918.432
