       100     0.8150 9.723
       101     0.8581 9.678
       102     0.5775 9.704
       103     0.9021 9.717
       104     0.6936 9.652
       105     0.6661 9.682
       106     0.8676 9.759
       107     0.9683 9.730
       108     0.8075 9.760
       109     0.8840 9.714
       110     0.8652 9.697
       111     1.0000 9.657
       112     0.9690 9.689
       113     0.7132 9.684
       114     0.7972 9.677
       115     0.9390 9.664
       116     0.9641 9.686
       117     0.9006 9.703
       118     0.9032 9.770
       119     0.6208 9.736
       120     0.9386 9.679
       121     0.8988 9.655
       122     0.9198 9.712
       123     0.7536 9.687
       124     1.0000 9.706
       125     0.8000 9.705
       126     0.6709 9.704
       127     0.9653 9.727
       128     0.6992 9.700
       129     0.8486 9.760
       130     0.7665 9.730
       131     1.0000 9.661
       132     0.9985 9.666
       133     0.9717 9.730
       134     0.7125 9.693
       135     1.0000 9.673
       136     0.9262 9.696
       137     0.8708 9.761
       138     0.7374 9.702
       139     0.6472 9.700
       140     0.7923 9.727
       141     0.9700 9.723
       142     0.9800 9.673
       143     0.8937 9.697
       144     0.7650 9.754
       145     0.8979 9.690
       146     1.0000 9.690
       147     0.6520 9.699
       148     0.9861 9.693
       149     0.9003 9.690
       150     0.9079 9.748
       151     0.7138 9.837
       152     0.9564 9.732
       153     0.9675 9.650
       154     0.6333 9.699
       155     0.9553 9.682
       156     0.6428 9.656
       157     0.8961 9.669
       158     0.9477 9.690
       159     0.7370 9.667
       160     0.7169 9.695
       161     0.8763 9.655
       162     1.0000 9.670
       163     0.8445 9.644
       164     0.8495 9.653
       165     0.9426 9.664
       166     0.6995 9.705
       167     0.9235 9.672
       168     0.8225 9.649
       169     0.7006 9.634
       170     0.9233 9.680
       171     0.8917 9.670
       172     0.7829 9.665
       173     0.9811 9.688
       174     0.9299 9.748
       175     0.7652 9.667
       176     0.8114 9.683
       177     0.9038 9.707
       178     0.7639 9.690
       179     0.6621 9.665
       180     0.6965 9.665
       181     0.8226 9.677
       182     0.8899 9.664
       183     0.9956 9.645
       184     0.7176 9.695
       185     0.8342 9.668
       186     0.8671 9.687
       187     0.9677 9.656
       188     0.8462 9.715
       189     0.9173 9.692
       190     0.6517 9.680
       191     1.0000 9.647
       192     0.8879 9.676
       193     0.6488 9.664
       194     0.5681 9.663
       195     0.8940 9.708
       196     0.8391 9.695
       197     0.9781 9.657
       198     0.8727 9.680
       199     0.8969 9.711
       200     0.6168 9.681
       201     0.9844 9.690
       202     0.9127 9.681
       203     0.9973 9.639
       204     0.9396 9.644
       205     0.8742 9.664
       206     0.8627 9.750
       207     0.6032 9.681
       208     0.9335 9.662
       209     0.9977 9.664
       210     0.8519 9.646
       211     0.8820 9.704
       212     0.9052 9.692
       213     0.7759 9.695
       214     0.9886 9.643
       215     0.9390 9.672
       216     0.8023 9.660
       217     0.6574 9.662
       218     0.9036 9.721
       219     0.8289 9.641
       220     0.8133 9.666
       221     0.9974 9.642
       222     0.6609 9.678
       223     0.8086 9.676
       224     0.8298 9.649
       225     0.9050 9.648
       226     0.7000 9.691
       227     0.9531 9.692
       228     0.8213 9.699
       229     0.9033 9.697
       230     0.8655 9.644
       231     0.9715 9.654
       232     0.9081 9.666
       233     0.8542 9.729
       234     0.9548 9.675
       235     0.8781 9.702
       236     0.7190 9.635
       237     0.9175 9.659
       238     1.0000 9.654
       239     0.8210 9.683
       240     0.6686 9.704
       241     0.9864 9.665
       242     0.9015 9.670
       243     0.8438 9.665
       244     0.8709 9.712
       245     0.9067 9.716
       246     0.7862 9.761
       247     0.8085 9.665
       248     0.8635 9.742
       249     0.7332 9.680
       250     0.7726 9.671
       251     0.8791 9.679
       252     0.6818 9.639
       253     0.8284 9.658
       254     0.7819 9.651
       255     0.9769 9.698
       256     0.8932 9.698
       257     0.7137 9.735
       258     0.9456 9.674
       259     0.9788 9.691
       260     0.9709 9.687
       261     0.9227 9.649
       262     0.9885 9.666
       263     0.5744 9.654
       264     0.9684 9.662
       265     0.9663 9.688
       266     0.6634 9.648
       267     0.9258 9.657
       268     0.7597 9.661
       269     0.9442 9.635
       270     0.7656 9.654
       271     0.9867 9.636
       272     0.9025 9.667
       273     0.7035 9.623
       274     0.7690 9.671
       275     0.9721 9.648
       276     0.8693 9.662
       277     0.6043 9.645
       278     0.7174 9.680
       279     0.9294 9.668
       280     0.9279 9.648
       281     0.7795 9.646
       282     0.9501 9.655
       283     0.7073 9.640
       284     0.9255 9.672
       285     0.9724 9.650
       286     0.9124 9.665
       287     0.8087 9.669
       288     0.5857 9.692
       289     0.7438 9.645
       290     0.9879 9.648
       291     0.7172 9.638
       292     0.8647 9.671
       293     0.9312 9.665
       294     0.9314 9.640
       295     0.9551 9.624
       296     0.7642 9.642
       297     0.9357 9.654
       298     0.9545 9.632
       299     0.9212 9.663
       300     0.8110 9.678
        -1     0.8506 1945.848
