         1     1.0000 9.677
         2     0.9808 9.669
         3     0.7939 9.656
         4     0.7648 9.688
         5     0.8073 9.699
         6     0.7914 9.661
         7     0.9683 9.657
         8     0.7313 9.708
         9     0.6645 9.724
        10     0.6845 9.709
        11     0.9634 9.671
        12     0.8220 9.652
        13     0.5673 9.711
        14     0.7649 9.652
        15     0.7567 9.657
        16     0.8478 9.721
        17     0.6947 9.756
        18     0.8387 9.698
        19     0.7488 9.669
        20     0.6153 9.685
        21     0.7056 9.703
        22     0.8261 9.678
        23     0.9130 9.660
        24     0.5621 9.663
        25     0.7322 9.677
        26     0.7942 9.680
        27     0.9859 9.669
        28     0.9551 9.660
        29     0.9525 9.697
        30     0.8750 9.676
        31     0.9782 9.708
        32     0.8036 9.660
        33     0.7946 9.692
        34     0.6728 9.760
        35     0.9304 9.710
        36     0.9905 9.664
        37     0.9068 9.656
        38     0.9721 9.650
        39     0.5662 9.693
        40     1.0000 9.672
        41     0.7714 9.669
        42     0.8826 9.682
        43     0.7764 9.719
        44     0.7772 9.688
        45     0.9419 9.702
        46     0.9448 9.718
        47     0.7539 9.738
        48     0.8725 9.668
        49     0.9176 9.670
        50     0.7932 9.732
        51     0.7395 9.658
        52     0.9764 9.648
        53     0.8038 9.693
        54     0.5928 9.681
        55     0.6986 9.692
        56     0.5026 9.698
        57     0.6402 9.684
        58     0.9783 9.682
        59     1.0000 9.671
        60     0.6628 9.719
        61     0.9223 9.664
        62     0.9452 9.655
        63     0.8245 9.666
        64     0.7825 9.685
        65     0.6725 9.685
        66     0.9541 9.656
        67     1.0000 9.638
        68     0.9701 9.644
        69     0.8658 9.671
        70     0.8869 9.692
        71     0.5972 9.650
        72     0.7051 9.641
        73     0.6641 9.663
        74     0.7496 9.714
        75     0.8971 9.643
        76     0.9259 9.645
        77     0.6437 9.663
        78     0.6307 9.699
        79     0.8117 9.689
        80     0.8458 9.676
        81     1.0000 9.636
        82     0.8266 9.657
        83     0.9985 9.662
        84     0.8768 9.682
        85     0.7046 9.643
        86     0.7263 9.667
        87     0.8660 9.675
        88     0.9460 9.781
        89     0.9745 9.675
        90     1.0000 9.628
        91     1.0000 9.635
        92     0.7712 9.667
        93     0.6154 9.660
        94     0.9669 9.654
        95     0.7487 9.680
        96     0.8535 9.667
        97     0.8673 9.642
        98     0.9967 9.648
        99     0.9900 9.657
       100     0.6599 9.693
       101     0.8600 9.661
       102     0.5653 9.673
       103     0.8527 9.825
       104     0.6814 9.802
       105     0.6812 9.660
       106     0.8639 9.661
       107     0.9722 9.667
       108     0.7552 9.693
       109     0.7452 9.676
       110     0.8135 9.668
       111     0.9978 9.652
       112     0.9584 9.679
       113     0.6946 9.656
       114     0.7960 9.668
       115     0.9143 9.661
       116     0.9686 9.640
       117     0.8239 9.705
       118     0.8741 9.732
       119     0.6254 9.803
       120     0.8662 9.726
       121     0.8872 9.681
       122     0.8470 9.680
       123     0.7476 9.686
       124     1.0000 9.665
       125     0.7230 9.653
       126     0.6585 9.689
       127     0.9292 9.665
       128     0.6964 9.652
       129     0.8368 9.680
       130     0.7560 9.656
       131     1.0000 9.662
       132     0.9893 9.676
       133     0.9366 9.688
       134     0.6710 9.791
       135     0.9876 9.718
       136     0.8692 9.727
       137     0.6876 9.718
       138     0.7463 9.674
       139     0.6672 9.664
       140     0.7750 9.634
       141     0.9060 9.664
       142     0.9800 9.638
       143     0.8261 9.671
       144     0.6898 9.695
       145     0.8830 9.655
       146     0.9940 9.648
       147     0.6321 9.694
       148     0.9306 9.648
       149     0.8197 9.825
       150     0.7827 9.691
       151     0.6602 9.690
       152     0.8739 9.679
       153     0.9729 9.643
       154     0.6441 9.657
       155     0.7684 9.652
       156     0.6505 9.656
       157     0.8654 9.656
       158     0.9208 9.661
       159     0.7247 9.649
       160     0.6818 9.674
       161     0.8662 9.633
       162     0.9881 9.652
       163     0.8550 9.646
       164     0.8597 9.637
       165     0.8997 9.676
       166     0.6832 9.689
       167     0.9118 9.678
       168     0.8201 9.660
       169     0.7023 9.650
       170     0.8859 9.679
       171     0.8504 9.671
       172     0.7470 9.697
       173     0.9782 9.674
       174     0.8146 9.683
       175     0.7576 9.662
       176     0.7765 9.675
       177     0.8597 9.668
       178     0.7591 9.671
       179     0.6545 9.647
       180     0.6943 9.673
       181     0.7475 9.703
       182     0.8544 9.671
       183     0.9781 9.650
       184     0.7122 9.675
       185     0.7968 9.645
       186     0.8484 9.688
       187     0.9548 9.706
       188     0.6393 9.768
       189     0.8474 9.685
       190     0.6558 9.667
       191     0.9844 9.645
       192     0.8647 9.663
       193     0.6320 9.682
       194     0.5531 9.655
       195     0.8010 9.723
       196     0.8140 9.671
       197     0.9708 9.655
       198     0.8384 9.668
       199     0.8289 9.678
       200     0.6041 9.662
       201     0.9820 9.693
       202     0.8603 9.703
       203     0.9973 9.700
       204     0.9434 9.650
       205     0.8214 9.658
       206     0.7902 9.707
       207     0.5759 9.672
       208     0.9075 9.649
       209     0.9955 9.661
       210     0.8376 9.677
       211     0.7239 9.717
       212     0.8033 9.687
       213     0.6543 9.735
       214     0.9805 9.659
       215     0.8471 9.660
       216     0.7899 9.680
       217     0.6753 9.706
       218     0.7531 9.727
       219     0.8202 9.644
       220     0.7779 9.655
       221     0.9789 9.647
       222     0.6261 9.651
       223     0.7849 9.661
       224     0.8424 9.664
       225     0.8889 9.677
       226     0.7128 9.670
       227     0.8877 9.682
       228     0.8171 9.674
       229     0.7420 9.702
       230     0.8361 9.640
       231     0.9525 9.632
       232     0.8560 9.696
       233     0.6707 9.711
       234     0.9258 9.711
       235     0.8718 9.660
       236     0.7048 9.640
       237     0.9236 9.645
       238     1.0000 9.660
       239     0.7841 9.664
       240     0.6637 9.670
       241     0.9834 9.647
       242     0.7991 9.722
       243     0.8216 9.648
       244     0.8438 9.650
       245     0.7978 9.664
       246     0.7659 9.713
       247     0.8024 9.700
       248     0.7371 9.693
       249     0.7326 9.675
       250     0.7644 9.638
       251     0.8860 9.664
       252     0.6808 9.696
       253     0.7817 9.652
       254     0.7799 9.670
       255     0.9676 9.633
       256     0.8342 9.667
       257     0.6872 9.669
       258     0.9414 9.672
       259     0.9682 9.670
       260     0.9595 9.672
       261     0.9330 9.679
       262     0.9691 9.710
       263     0.5704 9.693
       264     0.8897 9.680
       265     0.9602 9.675
       266     0.6850 9.681
       267     0.8276 9.672
       268     0.7426 9.686
       269     0.9464 9.639
       270     0.7545 9.689
       271     0.9886 9.651
       272     0.8322 9.668
       273     0.6875 9.678
       274     0.7236 9.712
       275     0.9237 9.683
       276     0.8351 9.722
       277     0.6026 9.674
       278     0.6886 9.667
       279     0.8566 9.677
       280     0.8758 9.689
       281     0.7674 9.679
       282     0.9272 9.695
       283     0.7021 9.720
       284     0.8086 9.708
       285     0.9465 9.660
       286     0.7979 9.679
       287     0.7907 9.644
       288     0.5763 9.676
       289     0.7315 9.659
       290     0.9757 9.669
       291     0.7298 9.663
       292     0.7868 9.730
       293     0.8263 9.688
       294     0.9428 9.659
       295     0.9679 9.679
       296     0.7049 9.687
       297     0.8424 9.670
       298     0.9205 9.661
       299     0.8389 9.688
       300     0.7465 9.680
        -1     0.8194 2903.341
