         1     1.0000 9.684
         2     0.9808 9.682
         3     0.8143 9.681
         4     0.8097 9.698
         5     0.8683 9.702
         6     0.8080 9.742
         7     0.9822 9.723
         8     0.8340 9.704
         9     0.6757 9.688
        10     0.7983 9.743
        11     0.9713 9.689
        12     0.8147 9.666
        13     0.6119 9.732
        14     0.7864 9.674
        15     0.7567 9.674
        16     0.9096 9.710
        17     0.8095 9.711
        18     0.8245 9.702
        19     0.7679 9.669
        20     0.6059 9.681
        21     0.8604 9.751
        22     0.8755 9.741
        23     0.9589 9.689
        24     0.5610 9.688
        25     0.6932 9.693
        26     0.7743 9.681
        27     0.9836 9.660
        28     0.9600 9.699
        29     0.9683 9.711
        30     0.8750 9.677
        31     0.9910 9.690
        32     0.7567 9.663
        33     0.8674 9.747
        34     0.7532 9.737
        35     0.9771 9.683
        36     0.9984 9.691
        37     0.9568 9.672
        38     0.9721 9.659
        39     0.5689 9.731
        40     1.0000 9.661
        41     0.7607 9.665
        42     0.9503 9.675
        43     0.7423 9.721
        44     0.8995 9.668
        45     0.9669 9.667
        46     0.9498 9.663
        47     0.8761 9.732
        48     0.8676 9.700
        49     0.9290 9.671
        50     0.8932 9.720
        51     0.7260 9.717
        52     0.9747 9.708
        53     0.8286 9.692
        54     0.6002 9.745
        55     0.6893 9.674
        56     0.5389 9.701
        57     0.6532 9.663
        58     0.9915 9.682
        59     0.9938 9.692
        60     0.6874 9.669
        61     0.9655 9.684
        62     0.9478 9.684
        63     0.8775 9.662
        64     0.7958 9.667
        65     0.6722 9.684
        66     0.9765 9.702
        67     1.0000 9.677
        68     0.9590 9.641
        69     0.9100 9.690
        70     0.9502 9.679
        71     0.6031 9.649
        72     0.7496 9.640
        73     0.6598 9.645
        74     0.7939 9.709
        75     0.8921 9.645
        76     0.9383 9.660
        77     0.6122 9.684
        78     0.6851 9.692
        79     0.9136 9.678
        80     0.8788 9.680
        81     1.0000 9.637
        82     0.8252 9.682
        83     1.0000 9.674
        84     0.9629 9.669
        85     0.7376 9.658
        86     0.7403 9.726
        87     0.9680 9.693
        88     0.9709 9.666
        89     0.9745 9.651
        90     1.0000 9.672
        91     1.0000 9.658
        92     0.7924 9.699
        93     0.6044 9.648
        94     0.9864 9.669
        95     0.8563 9.710
        96     0.8853 9.671
        97     0.8713 9.654
        98     0.9983 9.668
        99     0.9910 9.666
       100     0.8434 9.740
       101     0.8316 9.676
       102     0.5623 9.673
       103     0.9189 9.723
       104     0.6857 9.681
       105     0.6760 9.674
       106     0.8818 9.660
       107     0.9603 9.650
       108     0.8012 9.681
       109     0.8955 9.710
       110     0.8438 9.696
       111     0.9978 9.691
       112     0.9492 9.731
       113     0.6833 9.689
       114     0.7764 9.692
       115     0.9465 9.688
       116     0.9805 9.676
       117     0.9190 9.704
       118     0.9375 9.710
       119     0.6510 9.724
       120     0.9414 9.720
       121     0.8794 9.690
       122     0.9511 9.708
       123     0.7670 9.676
       124     0.9971 9.645
       125     0.7814 9.674
       126     0.6804 9.692
       127     0.9646 9.689
       128     0.7019 9.677
       129     0.8604 9.710
       130     0.7675 9.670
       131     1.0000 9.684
       132     0.9954 9.674
       133     0.9769 9.697
       134     0.7015 9.686
       135     0.9969 9.695
       136     0.8908 9.695
       137     0.8089 9.688
       138     0.7479 9.686
       139     0.6455 9.648
       140     0.7442 9.659
       141     0.9717 9.675
       142     0.9872 9.672
       143     0.8769 9.718
       144     0.8339 9.728
       145     0.9032 9.714
       146     0.9819 9.660
       147     0.6363 9.684
       148     0.9583 9.683
       149     0.8494 9.726
       150     0.9222 9.700
       151     0.6950 9.725
       152     0.9622 9.728
       153     0.9711 9.659
       154     0.6464 9.674
       155     0.9553 9.696
       156     0.6404 9.685
       157     0.8954 9.686
       158     0.9631 9.698
       159     0.7487 9.684
       160     0.7092 9.737
       161     0.8586 9.664
       162     0.9881 9.661
       163     0.8235 9.654
       164     0.8495 9.648
       165     0.9419 9.673
       166     0.7374 9.709
       167     0.9235 9.656
       168     0.8177 9.681
       169     0.7023 9.647
       170     0.9068 9.686
       171     0.8846 9.715
       172     0.7377 9.708
       173     0.9811 9.682
       174     0.9078 9.747
       175     0.7689 9.693
       176     0.7882 9.697
       177     0.9189 9.684
       178     0.7540 9.689
       179     0.6570 9.679
       180     0.6862 9.666
       181     0.8642 9.723
       182     0.8783 9.702
       183     0.9868 9.649
       184     0.7131 9.696
       185     0.7781 9.650
       186     0.8988 9.710
       187     0.9339 9.678
       188     0.7934 9.695
       189     0.9463 9.707
       190     0.6523 9.664
       191     0.9844 9.655
       192     0.8732 9.662
       193     0.6308 9.663
       194     0.5856 9.676
       195     0.8753 9.718
       196     0.8469 9.720
       197     0.9679 9.695
       198     0.8697 9.718
       199     0.8729 9.715
       200     0.6188 9.693
       201     0.9772 9.672
       202     0.9399 9.698
       203     0.9973 9.762
       204     0.9302 9.663
       205     0.8432 9.653
       206     0.8415 9.725
       207     0.5762 9.717
       208     0.8960 9.692
       209     0.9955 9.662
       210     0.8148 9.691
       211     0.8499 9.728
       212     0.8762 9.749
       213     0.8068 9.733
       214     0.9756 9.677
       215     0.8949 9.713
       216     0.7924 9.671
       217     0.6347 9.712
       218     0.8899 9.705
       219     0.7961 9.653
       220     0.7752 9.672
       221     0.9921 9.679
       222     0.6141 9.685
       223     0.8362 9.737
       224     0.8151 9.713
       225     0.9079 9.673
       226     0.7000 9.683
       227     0.9283 9.698
       228     0.8339 9.698
       229     0.8229 9.699
       230     0.8445 9.643
       231     0.9494 9.668
       232     0.9177 9.680
       233     0.7909 9.693
       234     0.9616 9.696
       235     0.8604 9.688
       236     0.7167 9.663
       237     0.9323 9.708
       238     1.0000 9.684
       239     0.8100 9.678
       240     0.6811 9.672
       241     0.9880 9.724
       242     0.9026 9.736
       243     0.7819 9.686
       244     0.8232 9.695
       245     0.7747 9.716
       246     0.7865 9.728
       247     0.8313 9.687
       248     0.8382 9.726
       249     0.7508 9.718
       250     0.7834 9.712
       251     0.8895 9.683
       252     0.6828 9.681
       253     0.8165 9.687
       254     0.7721 9.684
       255     0.9491 9.644
       256     0.8927 9.697
       257     0.7137 9.698
       258     0.9498 9.681
       259     0.9879 9.681
       260     0.9734 9.679
       261     0.9407 9.712
       262     0.9954 9.690
       263     0.5568 9.706
       264     0.9634 9.690
       265     0.9745 9.720
       266     0.6988 9.662
       267     0.8993 9.744
       268     0.7544 9.659
       269     0.9353 9.647
       270     0.7669 9.693
       271     0.9886 9.676
       272     0.8748 9.731
       273     0.6835 9.671
       274     0.7918 9.709
       275     0.9672 9.675
       276     0.8526 9.681
       277     0.5949 9.680
       278     0.6860 9.697
       279     0.9294 9.719
       280     0.9180 9.677
       281     0.7865 9.702
       282     0.9517 9.685
       283     0.6638 9.645
       284     0.9026 9.690
       285     0.9830 9.674
       286     0.8924 9.723
       287     0.7728 9.669
       288     0.5665 9.719
       289     0.7331 9.716
       290     0.9857 9.679
       291     0.7222 9.673
       292     0.8628 9.710
       293     0.9350 9.714
       294     0.9210 9.669
       295     0.9487 9.691
       296     0.7807 9.687
       297     0.9293 9.699
       298     0.9091 9.649
       299     0.9239 9.694
       300     0.8016 9.680
        -1     0.8458 2906.761
