         1     1.0000 9.703
         2     0.9500 9.716
         3     0.8333 9.713
         4     0.6978 9.722
         5     0.7689 9.710
         6     0.7970 9.717
         7     0.9347 9.699
         8     0.7096 9.723
         9     0.6426 9.717
        10     0.6470 9.814
        11     0.8667 9.710
        12     0.7817 9.681
        13     0.5978 9.746
        14     0.7435 9.734
        15     0.7357 9.778
        16     0.7913 9.699
        17     0.6207 9.760
        18     0.8176 9.720
        19     0.7690 9.670
        20     0.5915 9.688
        21     0.7352 9.730
        22     0.7600 9.685
        23     0.9541 9.741
        24     0.5747 9.686
        25     0.7010 9.725
        26     0.7588 9.717
        27     0.9555 9.688
        28     0.9296 9.736
        29     0.9310 9.683
        30     0.8595 9.710
        31     0.9743 9.721
        32     0.7645 9.693
        33     0.7960 9.724
        34     0.6231 9.701
        35     0.9286 9.749
        36     0.9685 9.714
        37     0.9352 9.696
        38     0.9231 9.676
        39     0.5431 9.693
        40     1.0000 9.662
        41     0.7628 9.726
        42     0.8105 9.679
        43     0.6902 9.711
        44     0.8031 9.685
        45     0.8537 9.661
        46     0.9064 9.663
        47     0.6955 9.698
        48     0.8611 9.679
        49     0.8736 9.670
        50     0.6738 9.682
        51     0.7223 9.673
        52     0.9444 9.677
        53     0.8245 9.723
        54     0.5860 9.748
        55     0.6964 9.705
        56     0.4923 9.759
        57     0.6220 9.713
        58     0.9203 9.700
        59     0.9906 9.707
        60     0.6965 9.684
        61     0.9292 9.709
        62     0.9504 9.716
        63     0.8278 9.731
        64     0.8289 9.682
        65     0.6598 9.740
        66     0.9112 9.711
        67     0.9913 9.745
        68     0.9627 9.653
        69     0.8719 9.681
        70     0.7945 9.706
        71     0.5699 9.662
        72     0.7143 9.706
        73     0.6280 9.672
        74     0.7153 9.729
        75     0.8954 9.707
        76     0.9012 9.684
        77     0.6285 9.648
        78     0.6562 9.745
        79     0.7317 9.739
        80     0.7537 9.684
        81     1.0000 9.626
        82     0.7825 9.661
        83     0.9876 9.678
        84     0.8555 9.668
        85     0.7409 9.646
        86     0.6845 9.686
        87     0.9078 9.703
        88     0.9432 9.669
        89     0.9796 9.684
        90     1.0000 9.636
        91     0.9869 9.658
        92     0.6980 9.739
        93     0.5833 9.691
        94     0.9117 9.692
        95     0.7066 9.731
        96     0.7903 9.674
        97     0.8700 9.661
        98     0.9933 9.666
        99     0.8948 9.662
       100     0.6609 9.713
       101     0.8297 9.668
       102     0.5545 9.678
       103     0.8377 9.676
       104     0.6735 9.672
       105     0.6604 9.732
       106     0.8654 9.692
       107     0.9544 9.656
       108     0.7103 9.741
       109     0.7139 9.690
       110     0.8124 9.696
       111     0.9957 9.656
       112     0.8984 9.686
       113     0.6840 9.675
       114     0.7817 9.690
       115     0.8961 9.665
       116     0.9536 9.708
       117     0.7954 9.687
       118     0.7782 9.724
       119     0.6200 9.744
       120     0.8267 9.705
       121     0.9027 9.679
       122     0.7862 9.696
       123     0.7306 9.723
       124     0.9943 9.683
       125     0.7919 9.684
       126     0.6139 9.740
       127     0.8651 9.685
       128     0.6574 9.696
       129     0.7956 9.723
       130     0.7330 9.668
       131     0.9933 9.748
       132     0.9832 9.676
       133     0.9101 9.684
       134     0.6730 9.687
       135     0.9783 9.657
       136     0.7569 9.675
       137     0.7388 9.725
       138     0.7196 9.666
       139     0.6538 9.657
       140     0.7846 9.657
       141     0.9101 9.683
       142     0.9745 9.661
       143     0.7907 9.718
       144     0.6735 9.759
       145     0.8968 9.709
       146     0.9819 9.668
       147     0.6384 9.762
       148     0.9583 9.658
       149     0.6884 9.697
       150     0.7321 9.682
       151     0.6907 9.690
       152     0.8400 9.670
       153     0.9621 9.677
       154     0.6401 9.676
       155     0.8822 9.672
       156     0.6371 9.662
       157     0.8442 9.657
       158     0.8838 9.703
       159     0.7332 9.673
       160     0.5966 9.693
       161     0.8561 9.681
       162     0.9881 9.638
       163     0.8151 9.636
       164     0.8112 9.678
       165     0.8445 9.662
       166     0.6998 9.739
       167     0.8706 9.674
       168     0.8034 9.661
       169     0.6942 9.647
       170     0.8263 9.668
       171     0.8529 9.752
       172     0.7218 9.697
       173     0.9767 9.655
       174     0.7086 9.676
       175     0.7330 9.656
       176     0.7607 9.694
       177     0.8820 9.685
       178     0.7087 9.694
       179     0.6511 9.658
       180     0.6642 9.666
       181     0.7747 9.676
       182     0.8552 9.654
       183     0.9737 9.669
       184     0.6987 9.700
       185     0.8021 9.693
       186     0.7376 9.695
       187     0.9629 9.655
       188     0.6771 9.745
       189     0.8564 9.681
       190     0.6251 9.680
       191     1.0000 9.687
       192     0.8478 9.679
       193     0.6410 9.710
       194     0.5475 9.669
       195     0.7259 9.701
       196     0.7976 9.694
       197     0.9490 9.791
       198     0.8468 9.699
       199     0.7494 9.729
       200     0.5948 9.707
       201     0.9820 9.676
       202     0.8503 9.675
       203     0.9893 9.675
       204     0.8943 9.655
       205     0.8385 9.661
       206     0.7310 9.675
       207     0.5712 9.676
       208     0.9104 9.643
       209     0.9886 9.676
       210     0.8519 9.730
       211     0.7308 9.727
       212     0.8410 9.672
       213     0.6476 9.756
       214     0.9724 9.716
       215     0.7780 9.708
       216     0.7716 9.656
       217     0.6454 9.686
       218     0.7483 9.707
       219     0.8136 9.662
       220     0.7336 9.667
       221     0.9789 9.661
       222     0.6326 9.690
       223     0.7671 9.806
       224     0.8088 9.671
       225     0.8699 9.669
       226     0.6734 9.713
       227     0.8237 9.705
       228     0.7998 9.697
       229     0.6024 9.709
       230     0.8361 9.640
       231     0.9525 9.672
       232     0.8820 9.653
       233     0.6615 9.728
       234     0.8925 9.662
       235     0.8174 9.694
       236     0.7119 9.630
       237     0.9039 9.679
       238     0.9971 9.666
       239     0.7904 9.651
       240     0.6695 9.678
       241     0.9774 9.665
       242     0.8112 9.676
       243     0.8177 9.673
       244     0.8449 9.666
       245     0.6661 9.699
       246     0.7312 9.712
       247     0.7948 9.639
       248     0.6942 9.708
       249     0.7351 9.659
       250     0.7527 9.663
       251     0.8616 9.643
       252     0.6495 9.644
       253     0.8000 9.667
       254     0.7461 9.652
       255     0.9491 9.645
       256     0.8693 9.653
       257     0.6882 9.652
       258     0.9174 9.646
       259     0.9545 9.647
       260     0.9557 9.666
       261     0.9253 9.650
       262     0.9530 9.652
       263     0.5609 9.670
       264     0.8656 9.673
       265     0.9306 9.664
       266     0.6850 9.667
       267     0.8244 9.682
       268     0.7544 9.654
       269     0.9375 9.630
       270     0.6898 9.700
       271     0.9678 9.652
       272     0.7768 9.665
       273     0.6875 9.644
       274     0.7093 9.733
       275     0.9434 9.670
       276     0.8229 9.669
       277     0.6051 9.668
       278     0.6706 9.671
       279     0.8461 9.668
       280     0.8692 9.659
       281     0.7665 9.657
       282     0.8820 9.675
       283     0.6429 9.686
       284     0.7818 9.675
       285     0.9230 9.679
       286     0.7664 9.673
       287     0.7623 9.684
       288     0.5662 9.686
       289     0.7392 9.657
       290     0.9625 9.668
       291     0.7020 9.653
       292     0.7503 9.698
       293     0.7175 9.655
       294     0.9064 9.667
       295     0.9295 9.695
       296     0.7543 9.654
       297     0.8351 9.695
       298     0.9545 9.629
       299     0.8478 9.703
       300     0.6979 9.706
        -1     0.8004 2906.423
